0.273600011E-2
0.830600038E-2
0.162409991E-1
0.270240009E-1
0.400610007E-1
0.562539995E-1
0.742620006E-1
0.946490020E-1
0.116889998
0.141714007
0.167144001
0.193724006
0.223018005
0.253733993
0.283405006
0.315129995
0.346569002
0.379749000
0.411942005
0.444252998
0.476426989
0.507673025
0.537904978
0.567637026
0.597963989
0.626316011
0.653254986
0.680917025
0.705663979
0.730539024
0.753831029
0.774697006
0.794875979
0.813845992
0.831740975
0.848531008
0.863965988
0.877892017
0.891193986
0.903230011
0.913994014
0.924314976
0.933063984
0.940523028
0.948004007
0.954819024
0.960489988
0.965403020
0.970373988
0.974473000
0.978132010
0.981239021
0.983941972
0.986348987
0.988326013
0.990207016
0.991743028
0.992834985
0.994111001
0.995103002
0.995908022
0.996635020
0.997153997
0.997662008
0.998088002
0.998409986
0.998722970
0.999017000
0.999137998
0.999279022
0.999400973
0.999568999
0.999665976
0.999710977
0.999781013
0.999809027
0.999867022
0.999907017
0.999915004
0.999924004
0.999948025
0.999958992
0.999963999
0.999972999
0.999981999
0.999987006
0.999989986
0.999993026
0.999992013
0.999996006
0.999997973
0.999997973
1.00000000
1.00000000
0.999997973
0.999998987
0.999998987
1.00000000
1.00000000
